Overlap matrix:
   1.0000e+00   1.3694e-17            0            0   7.6915e-01   4.9064e-01            0            0   8.0032e-01   8.0032e-01   4.7965e-01   4.7965e-01
   1.3694e-17   1.0000e+00            0            0  -4.9064e-01   9.9976e-02            0            0   2.6956e-01   2.6956e-01  -4.1423e-01  -4.1423e-01
            0            0   1.0000e+00            0            0            0   6.3110e-01            0   4.3720e-01  -4.3720e-01   2.0126e-01  -2.0126e-01
            0            0            0   1.0000e+00            0            0            0   6.3110e-01            0            0            0            0
   7.6915e-01  -4.9064e-01            0            0   1.0000e+00  -1.3694e-17            0            0   4.7965e-01   4.7965e-01   8.0032e-01   8.0032e-01
   4.9064e-01   9.9976e-02            0            0  -1.3694e-17   1.0000e+00            0            0   4.1423e-01   4.1423e-01  -2.6956e-01  -2.6956e-01
            0            0   6.3110e-01            0            0            0   1.0000e+00            0   2.0126e-01  -2.0126e-01   4.3720e-01  -4.3720e-01
            0            0            0   6.3110e-01            0            0            0   1.0000e+00            0            0            0            0
   8.0032e-01   2.6956e-01   4.3720e-01            0   4.7965e-01   4.1423e-01   2.0126e-01            0   1.0000e+00   5.1453e-01   3.4054e-01   2.1587e-01
   8.0032e-01   2.6956e-01  -4.3720e-01            0   4.7965e-01   4.1423e-01  -2.0126e-01            0   5.1453e-01   1.0000e+00   2.1587e-01   3.4054e-01
   4.7965e-01  -4.1423e-01   2.0126e-01            0   8.0032e-01  -2.6956e-01   4.3720e-01            0   3.4054e-01   2.1587e-01   1.0000e+00   5.1453e-01
   4.7965e-01  -4.1423e-01  -2.0126e-01            0   8.0032e-01  -2.6956e-01  -4.3720e-01            0   2.1587e-01   3.4054e-01   5.1453e-01   1.0000e+00

Orthogonal overlap matrix:
   6.9618e+00  -9.5000e-01  -1.1361e-14  -1.6776e-16  -4.0848e+00  -1.7703e+00   1.2824e-14   4.5493e-16  -1.4914e+00  -1.4914e+00   5.3746e-02   5.3746e-02
  -9.5000e-01   2.1513e+00   6.2548e-15   4.1566e-18   1.7703e+00   8.2220e-01  -3.6387e-15  -1.8446e-16  -6.0887e-01  -6.0887e-01   1.9615e-01   1.9615e-01
  -1.1361e-14   6.2548e-15   2.3955e+00  -3.3408e-17   1.5975e-14   3.7777e-15  -1.0082e+00  -3.8733e-16  -1.2181e+00   1.2181e+00   3.6172e-01  -3.6172e-01
  -1.6776e-16   4.1566e-18  -3.3408e-17   1.2147e+00   2.0524e-16  -7.1393e-17   1.6518e-16  -4.3172e-01   6.4462e-17   9.7238e-17  -2.1965e-16   3.3066e-17
  -4.0848e+00   1.7703e+00   1.5975e-14   2.0524e-16   6.9618e+00   9.5000e-01  -1.0814e-14  -8.2773e-16   5.3746e-02   5.3746e-02  -1.4914e+00  -1.4914e+00
  -1.7703e+00   8.2220e-01   3.7777e-15  -7.1393e-17   9.5000e-01   2.1513e+00  -3.3175e-15   7.3055e-17  -1.9615e-01  -1.9615e-01   6.0887e-01   6.0887e-01
   1.2824e-14  -3.6387e-15  -1.0082e+00   1.6518e-16  -1.0814e-14  -3.3175e-15   2.3955e+00   8.1201e-17   3.6172e-01  -3.6172e-01  -1.2181e+00   1.2181e+00
   4.5493e-16  -1.8446e-16  -3.8733e-16  -4.3172e-01  -8.2773e-16   7.3055e-17   8.1201e-17   1.2147e+00   2.7853e-16  -4.4194e-16   3.0304e-16   2.7088e-16
  -1.4914e+00  -6.0887e-01  -1.2181e+00   6.4462e-17   5.3746e-02  -1.9615e-01   3.6172e-01   2.7853e-16   2.8688e+00  -2.3850e-01  -3.4688e-01   3.7565e-03
  -1.4914e+00  -6.0887e-01   1.2181e+00   9.7238e-17   5.3746e-02  -1.9615e-01  -3.6172e-01  -4.4194e-16  -2.3850e-01   2.8688e+00   3.7565e-03  -3.4688e-01
   5.3746e-02   1.9615e-01   3.6172e-01  -2.1965e-16  -1.4914e+00   6.0887e-01  -1.2181e+00   3.0304e-16  -3.4688e-01   3.7565e-03   2.8688e+00  -2.3850e-01
   5.3746e-02   1.9615e-01  -3.6172e-01   3.3066e-17  -1.4914e+00   6.0887e-01   1.2181e+00   2.7088e-16   3.7565e-03  -3.4688e-01  -2.3850e-01   2.8688e+00

Total density matrix:
   2.0000e+00  -4.9960e-16   1.4283e-16   1.3964e-16  -2.2204e-16   4.9960e-16  -4.7008e-16  -1.7810e-16   7.9797e-16   2.9837e-16   4.0939e-16  -8.3267e-17
  -4.9960e-16   2.0000e+00   3.8888e-16   2.0296e-17  -5.5511e-16   1.1657e-15  -5.5637e-16  -1.4127e-16   3.4001e-16   1.9360e-15   2.3592e-16  -6.6613e-16
   1.4283e-16   3.8888e-16   2.0000e+00  -2.2680e-16  -4.1767e-16   8.8541e-17  -1.1102e-16   3.2200e-16  -5.7141e-17  -7.9266e-16   1.1257e-15  -2.8980e-16
   1.3964e-16   2.0296e-17  -2.2680e-16   2.0000e+00  -3.5363e-16  -1.4932e-16  -9.7346e-17  -1.4433e-15   1.0465e-16   3.0682e-17   1.8674e-16   1.2061e-17
  -2.2204e-16  -5.5511e-16  -4.1767e-16  -3.5363e-16   2.0000e+00   3.3307e-16  -1.0099e-15   1.0346e-17   7.7022e-16   4.9266e-16  -1.5959e-16  -1.1102e-16
   4.9960e-16   1.1657e-15   8.8541e-17  -1.4932e-16   3.3307e-16   2.0000e+00  -9.3008e-16   1.9320e-17   8.6042e-16  -2.4980e-16   1.3184e-16  -3.4694e-17
  -4.7008e-16  -5.5637e-16  -1.1102e-16  -9.7346e-17  -1.0099e-15  -9.3008e-16   2.0000e+00  -5.6728e-17   1.0436e-15  -1.4991e-16   8.0522e-17  -3.4969e-16
  -1.7810e-16  -1.4127e-16   3.2200e-16  -1.4433e-15   1.0346e-17   1.9320e-17  -5.6728e-17   2.0000e+00   5.4209e-17  -6.4055e-17   9.9862e-17   4.1388e-17
   7.9797e-16   3.4001e-16  -5.7141e-17   1.0465e-16   7.7022e-16   8.6042e-16   1.0436e-15   5.4209e-17   2.0000e+00   1.0825e-15  -1.0747e-15  -7.8670e-16
   2.9837e-16   1.9360e-15  -7.9266e-16   3.0682e-17   4.9266e-16  -2.4980e-16  -1.4991e-16  -6.4055e-17   1.0825e-15   2.0000e+00  -8.2573e-16  -1.3531e-16
   4.0939e-16   2.3592e-16   1.1257e-15   1.8674e-16  -1.5959e-16   1.3184e-16   8.0522e-17   9.9862e-17  -1.0747e-15  -8.2573e-16   2.0000e+00   1.5959e-16
  -8.3267e-17  -6.6613e-16  -2.8980e-16   1.2061e-17  -1.1102e-16  -3.4694e-17  -3.4969e-16   4.1388e-17  -7.8670e-16  -1.3531e-16   1.5959e-16   2.0000e+00

Wiberg bond order matrix:
            0   5.0864e-30   7.6658e-31   4.4662e-30   1.5254e-30   5.3480e-31
   5.0864e-30            0   2.4256e-30   3.3169e-31   5.9308e-32   1.3753e-31
   7.6658e-31   2.4256e-30            0   1.1717e-30   1.1549e-30   6.1889e-31
   4.4662e-30   3.3169e-31   1.1717e-30            0   6.8183e-31   1.8308e-32
   1.5254e-30   5.9308e-32   1.1549e-30   6.8183e-31            0   2.5470e-32
   5.3480e-31   1.3753e-31   6.1889e-31   1.8308e-32   2.5470e-32            0

Mayer bond order matrix:
        0   3.7592   1.8086   1.8086   0.8843   0.8843
   3.7592        0   0.8843   0.8843   1.8086   1.8086
   1.8086   0.8843        0   0.5295   0.2319   0.0932
   1.8086   0.8843   0.5295        0   0.0932   0.2319
   0.8843   1.8086   0.2319   0.0932        0   0.5295
   0.8843   1.8086   0.0932   0.2319   0.5295        0

Mulliken bond order matrix:
            0  -1.0354e-15   1.4106e-15   2.2144e-15   6.5042e-16   5.8864e-16
  -1.0354e-15            0   1.8718e-15   3.2601e-16  -2.5612e-16   1.4677e-16
   1.4106e-15   1.8718e-15            0   1.1139e-15  -7.3193e-16  -3.3965e-16
   2.2144e-15   3.2601e-16   1.1139e-15            0  -3.5650e-16  -9.2156e-17
   6.5042e-16  -2.5612e-16  -7.3193e-16  -3.5650e-16            0   1.6423e-16
   5.8864e-16   1.4677e-16  -3.3965e-16  -9.2156e-17   1.6423e-16            0

Electron density matrix:
   8.0000
   8.0000
   2.0000
   2.0000
   2.0000
   2.0000

