Overlap matrix:
   1.0000e+00   1.3694e-17            0            0   7.6915e-01   4.9064e-01            0            0   8.0032e-01   8.0032e-01   4.7965e-01   4.7965e-01
   1.3694e-17   1.0000e+00            0            0  -4.9064e-01   9.9976e-02            0            0   2.6956e-01   2.6956e-01  -4.1423e-01  -4.1423e-01
            0            0   1.0000e+00            0            0            0   6.3110e-01            0   4.3720e-01  -4.3720e-01   2.0126e-01  -2.0126e-01
            0            0            0   1.0000e+00            0            0            0   6.3110e-01            0            0            0            0
   7.6915e-01  -4.9064e-01            0            0   1.0000e+00  -1.3694e-17            0            0   4.7965e-01   4.7965e-01   8.0032e-01   8.0032e-01
   4.9064e-01   9.9976e-02            0            0  -1.3694e-17   1.0000e+00            0            0   4.1423e-01   4.1423e-01  -2.6956e-01  -2.6956e-01
            0            0   6.3110e-01            0            0            0   1.0000e+00            0   2.0126e-01  -2.0126e-01   4.3720e-01  -4.3720e-01
            0            0            0   6.3110e-01            0            0            0   1.0000e+00            0            0            0            0
   8.0032e-01   2.6956e-01   4.3720e-01            0   4.7965e-01   4.1423e-01   2.0126e-01            0   1.0000e+00   5.1453e-01   3.4054e-01   2.1587e-01
   8.0032e-01   2.6956e-01  -4.3720e-01            0   4.7965e-01   4.1423e-01  -2.0126e-01            0   5.1453e-01   1.0000e+00   2.1587e-01   3.4054e-01
   4.7965e-01  -4.1423e-01   2.0126e-01            0   8.0032e-01  -2.6956e-01   4.3720e-01            0   3.4054e-01   2.1587e-01   1.0000e+00   5.1453e-01
   4.7965e-01  -4.1423e-01  -2.0126e-01            0   8.0032e-01  -2.6956e-01  -4.3720e-01            0   2.1587e-01   3.4054e-01   5.1453e-01   1.0000e+00

Orthogonal overlap matrix:
   6.9618e+00  -9.5000e-01  -1.1361e-14  -1.6776e-16  -4.0848e+00  -1.7703e+00   1.2824e-14   4.5493e-16  -1.4914e+00  -1.4914e+00   5.3746e-02   5.3746e-02
  -9.5000e-01   2.1513e+00   6.2548e-15   4.1566e-18   1.7703e+00   8.2220e-01  -3.6387e-15  -1.8446e-16  -6.0887e-01  -6.0887e-01   1.9615e-01   1.9615e-01
  -1.1361e-14   6.2548e-15   2.3955e+00  -3.3408e-17   1.5975e-14   3.7777e-15  -1.0082e+00  -3.8733e-16  -1.2181e+00   1.2181e+00   3.6172e-01  -3.6172e-01
  -1.6776e-16   4.1566e-18  -3.3408e-17   1.2147e+00   2.0524e-16  -7.1393e-17   1.6518e-16  -4.3172e-01   6.4462e-17   9.7238e-17  -2.1965e-16   3.3066e-17
  -4.0848e+00   1.7703e+00   1.5975e-14   2.0524e-16   6.9618e+00   9.5000e-01  -1.0814e-14  -8.2773e-16   5.3746e-02   5.3746e-02  -1.4914e+00  -1.4914e+00
  -1.7703e+00   8.2220e-01   3.7777e-15  -7.1393e-17   9.5000e-01   2.1513e+00  -3.3175e-15   7.3055e-17  -1.9615e-01  -1.9615e-01   6.0887e-01   6.0887e-01
   1.2824e-14  -3.6387e-15  -1.0082e+00   1.6518e-16  -1.0814e-14  -3.3175e-15   2.3955e+00   8.1201e-17   3.6172e-01  -3.6172e-01  -1.2181e+00   1.2181e+00
   4.5493e-16  -1.8446e-16  -3.8733e-16  -4.3172e-01  -8.2773e-16   7.3055e-17   8.1201e-17   1.2147e+00   2.7853e-16  -4.4194e-16   3.0304e-16   2.7088e-16
  -1.4914e+00  -6.0887e-01  -1.2181e+00   6.4462e-17   5.3746e-02  -1.9615e-01   3.6172e-01   2.7853e-16   2.8688e+00  -2.3850e-01  -3.4688e-01   3.7565e-03
  -1.4914e+00  -6.0887e-01   1.2181e+00   9.7238e-17   5.3746e-02  -1.9615e-01  -3.6172e-01  -4.4194e-16  -2.3850e-01   2.8688e+00   3.7565e-03  -3.4688e-01
   5.3746e-02   1.9615e-01   3.6172e-01  -2.1965e-16  -1.4914e+00   6.0887e-01  -1.2181e+00   3.0304e-16  -3.4688e-01   3.7565e-03   2.8688e+00  -2.3850e-01
   5.3746e-02   1.9615e-01  -3.6172e-01   3.3066e-17  -1.4914e+00   6.0887e-01   1.2181e+00   2.7088e-16   3.7565e-03  -3.4688e-01  -2.3850e-01   2.8688e+00

Total density matrix:
   1.0808e+00   1.1412e-01   9.2878e-13  -7.7019e-15   2.0901e-01   8.3660e-01   1.1095e-13   5.8486e-15   1.2213e-01   1.2213e-01   3.2173e-01   3.2173e-01
   1.1412e-01   1.2319e+00   8.9955e-13  -6.1034e-15  -8.3660e-01  -3.3083e-02   1.5859e-13   4.8877e-15   3.0988e-01   3.0988e-01   1.4167e-01   1.4167e-01
   9.2878e-13   8.9955e-13   1.0817e+00   4.5845e-06   1.1163e-13  -1.5962e-13   9.1835e-01  -3.4510e-06   1.9363e-01  -1.9363e-01  -1.9363e-01   1.9363e-01
  -7.7019e-15  -6.1034e-15   4.5845e-06   1.0000e+00   5.9726e-15  -4.7972e-15   3.4510e-06   1.0000e+00  -3.7872e-06   3.7872e-06  -3.5482e-06   3.5482e-06
   2.0901e-01  -8.3660e-01   1.1163e-13   5.9726e-15   1.0808e+00  -1.1412e-01   9.3081e-13  -7.5837e-15   3.2173e-01   3.2173e-01   1.2213e-01   1.2213e-01
   8.3660e-01  -3.3083e-02  -1.5962e-13  -4.7972e-15  -1.1412e-01   1.2319e+00  -9.0075e-13   6.6136e-15  -1.4167e-01  -1.4167e-01  -3.0988e-01  -3.0988e-01
   1.1095e-13   1.5859e-13   9.1835e-01   3.4510e-06   9.3081e-13  -9.0075e-13   1.0817e+00  -4.5845e-06  -1.9363e-01   1.9363e-01   1.9363e-01  -1.9363e-01
   5.8486e-15   4.8877e-15  -3.4510e-06   1.0000e+00  -7.5837e-15   6.6136e-15  -4.5845e-06   1.0000e+00   3.5482e-06  -3.5482e-06   3.7872e-06  -3.7872e-06
   1.2213e-01   3.0988e-01   1.9363e-01  -3.7872e-06   3.2173e-01  -1.4167e-01  -1.9363e-01   3.5482e-06   1.8028e+00  -1.1554e-01  -8.0221e-02  -1.6187e-01
   1.2213e-01   3.0988e-01  -1.9363e-01   3.7872e-06   3.2173e-01  -1.4167e-01   1.9363e-01  -3.5482e-06  -1.1554e-01   1.8028e+00  -1.6187e-01  -8.0221e-02
   3.2173e-01   1.4167e-01  -1.9363e-01  -3.5482e-06   1.2213e-01  -3.0988e-01   1.9363e-01   3.7872e-06  -8.0221e-02  -1.6187e-01   1.8028e+00  -1.1554e-01
   3.2173e-01   1.4167e-01   1.9363e-01   3.5482e-06   1.2213e-01  -3.0988e-01  -1.9363e-01  -3.7872e-06  -1.6187e-01  -8.0221e-02  -1.1554e-01   1.8028e+00

Wiberg bond order matrix:
        0   3.2880   0.1484   0.1484   0.1611   0.1611
   3.2880        0   0.1611   0.1611   0.1484   0.1484
   0.1484   0.1611        0   0.0133   0.0064   0.0262
   0.1484   0.1611   0.0133        0   0.0262   0.0064
   0.1611   0.1484   0.0064   0.0262        0   0.0133
   0.1611   0.1484   0.0262   0.0064   0.0133        0

Mayer bond order matrix:
        0   4.9124   1.8391   1.8391   0.7819   0.7819
   4.9124        0   0.7819   0.7819   1.8391   1.8391
   1.8391   0.7819        0   0.4713   0.1834   0.0875
   1.8391   0.7819   0.4713        0   0.0875   0.1834
   0.7819   1.8391   0.1834   0.0875        0   0.4713
   0.7819   1.8391   0.0875   0.1834   0.4713        0

Mulliken bond order matrix:
        0   4.3781   0.5319   0.5319   0.1133   0.1133
   4.3781        0   0.1133   0.1133   0.5319   0.5319
   0.5319   0.1133        0  -0.1189  -0.0546  -0.0699
   0.5319   0.1133  -0.1189        0  -0.0699  -0.0546
   0.1133   0.5319  -0.0546  -0.0699        0  -0.1189
   0.1133   0.5319  -0.0699  -0.0546  -0.1189        0

Electron density matrix:
   7.2286
   7.2286
   2.0037
   2.0037
   2.0037
   2.0037

