Overlap matrix:
   1.0000e+00   1.3694e-17            0            0   7.6915e-01   4.9064e-01            0            0   8.0032e-01   8.0032e-01   4.7965e-01   4.7965e-01
   1.3694e-17   1.0000e+00            0            0  -4.9064e-01   9.9976e-02            0            0   2.6956e-01   2.6956e-01  -4.1423e-01  -4.1423e-01
            0            0   1.0000e+00            0            0            0   6.3110e-01            0   4.3720e-01  -4.3720e-01   2.0126e-01  -2.0126e-01
            0            0            0   1.0000e+00            0            0            0   6.3110e-01            0            0            0            0
   7.6915e-01  -4.9064e-01            0            0   1.0000e+00  -1.3694e-17            0            0   4.7965e-01   4.7965e-01   8.0032e-01   8.0032e-01
   4.9064e-01   9.9976e-02            0            0  -1.3694e-17   1.0000e+00            0            0   4.1423e-01   4.1423e-01  -2.6956e-01  -2.6956e-01
            0            0   6.3110e-01            0            0            0   1.0000e+00            0   2.0126e-01  -2.0126e-01   4.3720e-01  -4.3720e-01
            0            0            0   6.3110e-01            0            0            0   1.0000e+00            0            0            0            0
   8.0032e-01   2.6956e-01   4.3720e-01            0   4.7965e-01   4.1423e-01   2.0126e-01            0   1.0000e+00   5.1453e-01   3.4054e-01   2.1587e-01
   8.0032e-01   2.6956e-01  -4.3720e-01            0   4.7965e-01   4.1423e-01  -2.0126e-01            0   5.1453e-01   1.0000e+00   2.1587e-01   3.4054e-01
   4.7965e-01  -4.1423e-01   2.0126e-01            0   8.0032e-01  -2.6956e-01   4.3720e-01            0   3.4054e-01   2.1587e-01   1.0000e+00   5.1453e-01
   4.7965e-01  -4.1423e-01  -2.0126e-01            0   8.0032e-01  -2.6956e-01  -4.3720e-01            0   2.1587e-01   3.4054e-01   5.1453e-01   1.0000e+00

Orthogonal overlap matrix:
   6.9618e+00  -9.5000e-01  -1.1361e-14  -1.6776e-16  -4.0848e+00  -1.7703e+00   1.2824e-14   4.5493e-16  -1.4914e+00  -1.4914e+00   5.3746e-02   5.3746e-02
  -9.5000e-01   2.1513e+00   6.2548e-15   4.1566e-18   1.7703e+00   8.2220e-01  -3.6387e-15  -1.8446e-16  -6.0887e-01  -6.0887e-01   1.9615e-01   1.9615e-01
  -1.1361e-14   6.2548e-15   2.3955e+00  -3.3408e-17   1.5975e-14   3.7777e-15  -1.0082e+00  -3.8733e-16  -1.2181e+00   1.2181e+00   3.6172e-01  -3.6172e-01
  -1.6776e-16   4.1566e-18  -3.3408e-17   1.2147e+00   2.0524e-16  -7.1393e-17   1.6518e-16  -4.3172e-01   6.4462e-17   9.7238e-17  -2.1965e-16   3.3066e-17
  -4.0848e+00   1.7703e+00   1.5975e-14   2.0524e-16   6.9618e+00   9.5000e-01  -1.0814e-14  -8.2773e-16   5.3746e-02   5.3746e-02  -1.4914e+00  -1.4914e+00
  -1.7703e+00   8.2220e-01   3.7777e-15  -7.1393e-17   9.5000e-01   2.1513e+00  -3.3175e-15   7.3055e-17  -1.9615e-01  -1.9615e-01   6.0887e-01   6.0887e-01
   1.2824e-14  -3.6387e-15  -1.0082e+00   1.6518e-16  -1.0814e-14  -3.3175e-15   2.3955e+00   8.1201e-17   3.6172e-01  -3.6172e-01  -1.2181e+00   1.2181e+00
   4.5493e-16  -1.8446e-16  -3.8733e-16  -4.3172e-01  -8.2773e-16   7.3055e-17   8.1201e-17   1.2147e+00   2.7853e-16  -4.4194e-16   3.0304e-16   2.7088e-16
  -1.4914e+00  -6.0887e-01  -1.2181e+00   6.4462e-17   5.3746e-02  -1.9615e-01   3.6172e-01   2.7853e-16   2.8688e+00  -2.3850e-01  -3.4688e-01   3.7565e-03
  -1.4914e+00  -6.0887e-01   1.2181e+00   9.7238e-17   5.3746e-02  -1.9615e-01  -3.6172e-01  -4.4194e-16  -2.3850e-01   2.8688e+00   3.7565e-03  -3.4688e-01
   5.3746e-02   1.9615e-01   3.6172e-01  -2.1965e-16  -1.4914e+00   6.0887e-01  -1.2181e+00   3.0304e-16  -3.4688e-01   3.7565e-03   2.8688e+00  -2.3850e-01
   5.3746e-02   1.9615e-01  -3.6172e-01   3.3066e-17  -1.4914e+00   6.0887e-01   1.2181e+00   2.7088e-16   3.7565e-03  -3.4688e-01  -2.3850e-01   2.8688e+00

Total density matrix:
   7.7627e-01   8.7837e-04   2.4240e-16  -7.7655e-17   4.7859e-01   5.1818e-01   6.1721e-16  -3.4696e-17   4.6108e-01   4.6108e-01   1.1661e-01   1.1661e-01
   8.7837e-04   1.2730e+00   6.7583e-16   4.7647e-17  -5.1818e-01  -3.6790e-01   6.2886e-16   1.0401e-16   5.0085e-01   5.0085e-01  -9.9800e-02  -9.9800e-02
   2.4240e-16   6.7583e-16   9.3722e-01  -1.3448e-16   1.6935e-16   7.8878e-17   5.0060e-01  -2.0706e-16   6.0997e-01  -6.0997e-01   2.5762e-02  -2.5762e-02
  -7.7655e-17   4.7647e-17  -1.3448e-16   1.0000e+00  -3.9843e-17  -1.1528e-16   5.9590e-17   1.0000e+00   3.1347e-16  -2.0048e-17   2.2989e-17   2.9735e-17
   4.7859e-01  -5.1818e-01   1.6935e-16  -3.9843e-17   7.7627e-01  -8.7837e-04   1.4052e-16  -8.6895e-17   1.1661e-01   1.1661e-01   4.6108e-01   4.6108e-01
   5.1818e-01  -3.6790e-01   7.8878e-17  -1.1528e-16  -8.7837e-04   1.2730e+00   5.4557e-16  -1.4691e-17   9.9800e-02   9.9800e-02  -5.0085e-01  -5.0085e-01
   6.1721e-16   6.2886e-16   5.0060e-01   5.9590e-17   1.4052e-16   5.4557e-16   9.3722e-01  -2.8133e-17   2.5762e-02  -2.5762e-02   6.0997e-01  -6.0997e-01
  -3.4696e-17   1.0401e-16  -2.0706e-16   1.0000e+00  -8.6895e-17  -1.4691e-17  -2.8133e-17   1.0000e+00   3.2902e-16   4.6126e-17  -8.5879e-17   1.2004e-17
   4.6108e-01   5.0085e-01   6.0997e-01   3.1347e-16   1.1661e-01   9.9800e-02   2.5762e-02   3.2902e-16   1.0068e+00  -5.6013e-02  -1.7354e-01   3.2705e-01
   4.6108e-01   5.0085e-01  -6.0997e-01  -2.0048e-17   1.1661e-01   9.9800e-02  -2.5762e-02   4.6126e-17  -5.6013e-02   1.0068e+00   3.2705e-01  -1.7354e-01
   1.1661e-01  -9.9800e-02   2.5762e-02   2.2989e-17   4.6108e-01  -5.0085e-01   6.0997e-01  -8.5879e-17  -1.7354e-01   3.2705e-01   1.0068e+00  -5.6013e-02
   1.1661e-01  -9.9800e-02  -2.5762e-02   2.9735e-17   4.6108e-01  -5.0085e-01  -6.0997e-01   1.2004e-17   3.2705e-01  -1.7354e-01  -5.6013e-02   1.0068e+00

Wiberg bond order matrix:
        0   2.1520   0.8355   0.8355   0.0242   0.0242
   2.1520        0   0.0242   0.0242   0.8355   0.8355
   0.8355   0.0242        0   0.0031   0.0301   0.1070
   0.8355   0.0242   0.0031        0   0.1070   0.0301
   0.0242   0.8355   0.0301   0.1070        0   0.0031
   0.0242   0.8355   0.1070   0.0301   0.0031        0

Mayer bond order matrix:
        0   4.7341   1.9212   1.9212   0.7827   0.7827
   4.7341        0   0.7827   0.7827   1.9212   1.9212
   1.9212   0.7827        0   0.3744   0.1456   0.0730
   1.9212   0.7827   0.3744        0   0.0730   0.1456
   0.7827   1.9212   0.1456   0.0730        0   0.3744
   0.7827   1.9212   0.0730   0.1456   0.3744        0

Mulliken bond order matrix:
        0   3.5737   1.5414   1.5414   0.2049   0.2049
   3.5737        0   0.2049   0.2049   1.5414   1.5414
   1.5414   0.2049        0  -0.0576  -0.1182   0.1412
   1.5414   0.2049  -0.0576        0   0.1412  -0.1182
   0.2049   1.5414  -0.1182   0.1412        0  -0.0576
   0.2049   1.5414   0.1412  -0.1182  -0.0576        0

