Overlap matrix:
   1.0000e+00            0            0   4.9349e-17   4.7552e-01   4.7552e-01
            0   1.0000e+00            0            0            0            0
            0            0   1.0000e+00            0   3.1083e-01  -3.1083e-01
   4.9349e-17            0            0   1.0000e+00  -2.4184e-01  -2.4184e-01
   4.7552e-01            0   3.1083e-01  -2.4184e-01   1.0000e+00   2.5342e-01
   4.7552e-01            0  -3.1083e-01  -2.4184e-01   2.5342e-01   1.0000e+00

Orthogonal overlap matrix:
   1.2164e+00            0  -4.0614e-17  -1.1008e-01  -2.9082e-01  -2.9082e-01
            0   1.0000e+00            0            0            0            0
  -4.0614e-17            0   1.1141e+00   1.0188e-16  -2.3234e-01   2.3234e-01
  -1.1008e-01            0   1.0188e-16   1.0560e+00   1.4790e-01   1.4790e-01
  -2.9082e-01            0  -2.3234e-01   1.4790e-01   1.2105e+00  -9.3048e-02
  -2.9082e-01            0   2.3234e-01   1.4790e-01  -9.3048e-02   1.2105e+00

Total density matrix:
   1.6964e+00  -9.1421e-17   3.7152e-16   4.1284e-01   4.1509e-01   4.1509e-01
  -9.1421e-17   2.0000e+00  -1.2185e-16   1.2267e-16   2.5153e-16   2.9948e-19
   3.7152e-16  -1.2185e-16   1.1428e+00  -2.4519e-16   6.9986e-01  -6.9986e-01
   4.1284e-01   1.2267e-16  -2.4519e-16   1.4386e+00  -5.6443e-01  -5.6443e-01
   4.1509e-01   2.5153e-16   6.9986e-01  -5.6443e-01   8.6106e-01   3.9061e-03
   4.1509e-01   2.9948e-19  -6.9986e-01  -5.6443e-01   3.9061e-03   8.6106e-01

Wiberg bond order matrix:
            0   9.8068e-01   9.8068e-01
   9.8068e-01            0   1.5258e-05
   9.8068e-01   1.5258e-05            0

Mayer bond order matrix:
        0   1.2634   1.2634
   1.2634        0   0.0573
   1.2634   0.0573        0

Mulliken bond order matrix:
        0   1.1029   1.1029
   1.1029        0   0.0020
   1.1029   0.0020        0

Electron density matrix:
   7.3807
   1.4135
   1.4135

