Overlap matrix:
   1.0000e+00            0            0            0   7.8421e-01            0            0  -4.2944e-01   8.0272e-01
            0   1.0000e+00            0            0            0   6.5446e-01            0            0            0
            0            0   1.0000e+00            0            0            0   6.5446e-01            0            0
            0            0            0   1.0000e+00   5.2302e-01            0            0   1.5621e-01  -5.1223e-01
   7.8421e-01            0            0   5.2302e-01   1.0000e+00            0            0  -1.1092e-16   3.9317e-01
            0   6.5446e-01            0            0            0   1.0000e+00            0            0            0
            0            0   6.5446e-01            0            0            0   1.0000e+00            0            0
  -4.2944e-01            0            0   1.5621e-01  -1.1092e-16            0            0   1.0000e+00  -3.7530e-01
   8.0272e-01            0            0  -5.1223e-01   3.9317e-01            0            0  -3.7530e-01   1.0000e+00

Orthogonal overlap matrix:
   4.4329e+00   3.8350e-16   3.3457e-16   8.1452e-01  -2.9884e+00   6.0909e-17  -3.7640e-16   1.1256e+00  -1.1032e+00
   3.8350e-16   1.2393e+00  -8.3267e-16   1.1307e-16  -2.7714e-16  -4.6186e-01   5.5511e-16   2.0281e-16  -6.1415e-17
   3.3457e-16  -8.0491e-16   1.2393e+00   1.1961e-16  -2.5311e-16   5.8287e-16  -4.6186e-01   2.5854e-16  -9.5334e-18
   8.1452e-01   1.1307e-16   1.1961e-16   2.7471e+00  -2.2971e+00   2.4001e-16   4.1268e-17   5.2228e-01   1.4994e+00
  -2.9884e+00  -2.7714e-16  -2.5311e-16  -2.2971e+00   4.6335e+00   1.2961e-17   3.3437e-16  -1.1570e+00  -8.2463e-01
   6.0909e-17  -4.6186e-01   6.1062e-16   2.4001e-16   1.2961e-17   1.2393e+00  -3.0531e-16   1.4798e-16   8.9407e-17
  -3.7640e-16   6.1062e-16  -4.6186e-01   4.1268e-17   3.3437e-16  -3.6082e-16   1.2393e+00  -3.1447e-16   7.5132e-17
   1.1256e+00   2.0281e-16   2.5854e-16   5.2228e-01  -1.1570e+00   1.4798e-16  -3.1447e-16   1.4312e+00   1.9877e-01
  -1.1032e+00  -6.1415e-17  -9.5334e-18   1.4994e+00  -8.2463e-01   8.9407e-17   7.5132e-17   1.9877e-01   2.8351e+00

Total density matrix:
   8.6341e-01   8.6812e-17  -1.1541e-17  -8.3747e-03   6.4232e-01   1.1041e-16  -1.4533e-16  -5.3327e-01   5.3323e-01
   8.6812e-17   9.5464e-01  -8.8818e-16   3.3416e-17  -1.3376e-16   9.9897e-01  -6.1062e-16  -4.4523e-17  -9.0437e-18
  -1.1541e-17  -8.8818e-16   9.5464e-01  -1.5833e-16  -4.9231e-17  -3.3307e-16   9.9897e-01   1.3926e-17  -1.8977e-16
  -8.3747e-03   3.3416e-17  -1.5833e-16   1.0541e+00   5.7732e-01   2.5083e-17  -5.4069e-16  -1.1043e-01  -8.0717e-01
   6.4232e-01  -1.3376e-16  -4.9231e-17   5.7732e-01   1.2904e+00  -5.0691e-18  -2.0195e-16   3.6583e-01   1.8965e-01
   1.1041e-16   9.9897e-01  -3.3307e-16   2.5083e-17  -5.0691e-18   1.0454e+00            0   1.5469e-16   7.0868e-17
  -1.4533e-16  -6.1062e-16   9.9897e-01  -5.4069e-16  -2.0195e-16            0   1.0454e+00   4.0334e-16   8.1498e-17
  -5.3327e-01  -4.4523e-17   1.3926e-17  -1.1043e-01   3.6583e-01   1.5469e-16   4.0334e-16   1.7378e+00   1.5885e-01
   5.3323e-01  -9.0437e-18  -1.8977e-16  -8.0717e-01   1.8965e-01   7.0868e-17   8.1498e-17   1.5885e-01   1.0543e+00

Wiberg bond order matrix:
        0   3.0383   0.9358
   3.0383        0   0.0612
   0.9358   0.0612        0

Mayer bond order matrix:
        0   5.0052   1.8927
   5.0052        0   0.4473
   1.8927   0.4473        0

Mulliken bond order matrix:
        0   4.6500   1.6830
   4.6500        0   0.0299
   1.6830   0.0299        0

